Starting MatrixMath.Timer
11 18 7 7 18 0 6 0 4 9 
11 5 19 7 1 13 3 10 14 0 
11 16 15 2 16 8 18 3 3 5 
0 6 12 10 2 8 14 5 17 7 
8 10 8 10 8 7 2 9 3 2 
2 11 17 16 17 16 4 6 0 1 
17 19 8 1 8 11 3 8 19 11 
14 1 19 8 14 17 12 11 13 15 
7 3 4 19 7 16 0 6 6 8 
11 10 16 14 13 19 0 4 6 18 

7 3 19 5 16 16 3 18 19 5 
10 12 9 15 12 0 13 13 15 17 
12 4 9 4 6 13 9 18 19 5 
18 9 11 8 7 19 18 14 12 16 
7 13 7 0 4 19 11 10 4 16 
12 2 8 10 0 8 2 15 15 14 
5 6 3 16 10 17 4 7 15 4 
1 5 15 16 1 11 11 12 6 15 
3 3 13 9 11 8 16 6 18 16 
18 19 9 15 17 6 12 14 18 1 

797 793 788 676 812 930 850 1028 1092 893 
711 381 954 726 597 952 778 1133 1285 931 
853 754 869 889 837 1170 817 1234 1374 972 
746 545 751 860 673 919 871 932 1238 876 
636 488 734 605 494 799 687 911 885 829 
971 676 824 706 509 1148 903 1233 1140 1141 
889 770 1196 1032 1021 992 1034 1341 1602 1193 
1162 869 1273 1105 991 1544 1115 1618 1799 1208 
878 567 822 678 541 948 805 1033 1038 940 
1286 930 1140 959 918 1249 1096 1563 1624 1177 

797 793 788 676 812 930 850 1028 1092 893 
711 381 954 726 597 952 778 1133 1285 931 
853 754 869 889 837 1170 817 1234 1374 972 
746 545 751 860 673 919 871 932 1238 876 
636 488 734 605 494 799 687 911 885 829 
971 676 824 706 509 1148 903 1233 1140 1141 
889 770 1196 1032 1021 992 1034 1341 1602 1193 
1162 869 1273 1105 991 1544 1115 1618 1799 1208 
878 567 822 678 541 948 805 1033 1038 940 
1286 930 1140 959 918 1249 1096 1563 1624 1177 

797 793 788 676 812 930 850 1028 1092 893 
711 381 954 726 597 952 778 1133 1285 931 
853 754 869 889 837 1170 817 1234 1374 972 
746 545 751 860 673 919 871 932 1238 876 
636 488 734 605 494 799 687 911 885 829 
971 676 824 706 509 1148 903 1233 1140 1141 
889 770 1196 1032 1021 992 1034 1341 1602 1193 
1162 869 1273 1105 991 1544 1115 1618 1799 1208 
878 567 822 678 541 948 805 1033 1038 940 
1286 930 1140 959 918 1249 1096 1563 1624 1177 

